[611.9, 410.5, 2]
[681.3, 370.4, 2]
[611.9, 490.6, 3]
[611.9, 570.7, 2]
[635.0, 610.8, 0]
[565.6, 570.7, 3]
[565.6, 330.4, 5]
[519.4, 250.3, 3]
[450.0, 210.2, 4]
[473.1, 170.2, 4]
[496.3, 130.1, 0]
[380.6, 170.2, 0]
[311.3, 370.4, 2]
[334.4, 250.3, 2]
[426.9, 330.4, 0]
[357.5, 530.6, 1]
[311.2, 450.5, 2]
[473.1, 90.1, 2]
[542.5, 50.0, 2]
[403.8, 130.1, 3]
[426.9, 90.1, 3]
[450.0, 450.6, 2]
[542.5, 130.1, 3]
[450.0, 290.3, 3]
[288.1, 330.4, 5]
[357.5, 290.3, 0]
[635.0, 210.2, 2]
[611.9, 250.3, 3]
[519.4, 330.4, 1]
[496.2, 290.3, 2]
[704.3, 170.2, 2]
[681.2, 290.3, 3]
[820.0, 290.3, 2]
[727.5, 450.6, 0]
[843.2, 330.4, 5]
[889.4, 330.4, 3]
[843.1, 410.5, 0]
[981.9, 330.4, 4]
-
[635.0, 370.4, 1, 2, 1]
[658.1, 410.5, 4, 3, 1]
[635.0, 450.6, 2, 3, 1]
[635.0, 530.7, 4, 2, 1]
[658.1, 570.7, 3, 2, 1]
[588.7, 530.7, 1, 2, 1]
[588.8, 610.8, 4, 5]
[542.5, 290.3, 1, 4, 1]
[542.5, 210.2, 2, 3]
[496.3, 210.2, 0, 4, 1]
[519.3, 170.2, 3, 4, 1]
[426.9, 250.3, 5, 4, 1]
[403.8, 210.2, 1, 2, 1]
[380.6, 250.3, 5, 3, 1]
[357.5, 210.2, 5, 2, 1]
[265.0, 370.4, 0, 1, 1]
[288.1, 410.5, 4, 5]
[450.0, 50.0, 1, 2, 1]
[519.4, 90.1, 2, 5]
[496.2, 50.0, 0, 3]
[426.8, 170.2, 4, 1, 1]
[450.0, 130.1, 4, 2]
[588.7, 450.6, 0, 1]
[473.1, 250.3, 2, 0, 1]
[473.1, 330.4, 4, 3, 1]
[380.6, 330.4, 0, 4]
[334.4, 330.4, 5, 4]
[588.8, 210.2, 0, 1]
[635.0, 290.3, 4, 5, 1]
[588.7, 290.3, 5, 3]
[311.2, 290.3, 1, 2]
[658.1, 250.3, 2, 3]
[727.5, 290.3, 3, 0]
[773.7, 290.3, 3, 0]
[796.9, 330.4, 5, 0]
[866.2, 290.3, 2, 1]
[866.3, 370.4, 4, 5]
[935.7, 330.4, 3, 0, 1]
[958.8, 290.3, 1, 2]
-
*
*
*
*
*
*
*
*
*
*
*
*
*
*
*
*
*
[12, 5]
*
*
*
*
*
*
*
*
[8, 8]
[9, 8]
[10, 7]
*
*
[4, 1]
*
[4, 1]
*
[4, 1]
*
[4, 1]
*
[4, 1]
[12, 5]
[12, 6]
*
[4, 1]
*
[4, 1]
[5, 2]
*
[4, 1]
[5, 2]
*
[4, 1]
[5, 2]
*
[4, 1]
[5, 2]
*
[0, 0]
[4, 1]
[5, 2]
*
[0, 0]
[4, 1]
[5, 2]
*
[0, 0]
[4, 0]
[4, 1]
[5, 2]
*
[0, 0]
[4, 0]
[4, 1]
[5, 2]
*
[0, 0]
[3, 1]
[4, 0]
[4, 1]
[5, 2]
*
[0, 0]
[3, 1]
[4, 0]
[4, 1]
[5, 2]
*
[0, 0]
[3, 1]
[4, 0]
[4, 1]
[6, 5]
*
[0, 0]
[3, 1]
[4, 0]
[4, 1]
[12, 5]
*
[0, 0]
[3, 1]
[4, 0]
[4, 1]
[12, 5]
*
[0, 0]
[3, 1]
[4, 0]
[4, 1]
[5, 1]
[12, 5]
*
[0, 0]
[3, 1]
[4, 0]
[4, 1]
*
[0, 0]
[3, 1]
[4, 0]
[4, 1]
[12, 5]
*
[0, 0]
[3, 1]
[4, 0]
[4, 1]
[8, 0]
[12, 5]
*
[0, 0]
[3, 1]
[4, 0]
[4, 1]
[12, 5]
*
[0, 0]
[3, 1]
[4, 0]
[4, 1]
[8, 8]
[9, 8]
[10, 7]
[12, 5]
*
[0, 0]
[3, 1]
[4, 0]
[4, 1]
[12, 5]
*
[0, 0]
[3, 1]
[4, 0]
[4, 1]
[12, 5]
*
[0, 0]
[3, 1]
[4, 0]
[4, 1]
[7, 4]
[12, 5]
*
[0, 0]
[3, 1]
[4, 0]
[4, 1]
[7, 4]
[12, 5]
*
[0, 0]
[3, 1]
[4, 0]
[4, 1]
[7, 4]
[12, 5]
*
[0, 0]
[3, 1]
[4, 0]
[4, 1]
[4, 3]
[5, 3]
[12, 5]
*
[0, 0]
[3, 1]
[4, 0]
[4, 1]
[6, 5]
[12, 5]
*
[0, 0]
[3, 1]
[4, 0]
[4, 1]
[4, 3]
[6, 5]
[12, 5]
*
[0, 0]
[3, 1]
[4, 0]
[4, 1]
[4, 3]
[6, 5]
[12, 5]
*
[0, 0]
[3, 1]
[3, 3]
[4, 0]
[4, 1]
[4, 3]
[6, 5]
[12, 5]
*
[0, 0]
[3, 1]
[4, 0]
[4, 1]
[4, 3]
[6, 5]
[12, 5]
*
[0, 0]
[3, 1]
[4, 0]
[4, 1]
[4, 3]
[6, 5]
[12, 5]
*
[0, 0]
[3, 1]
[4, 0]
[4, 1]
[4, 3]
[6, 5]
[12, 5]
*
[0, 0]
[3, 1]
[4, 0]
[4, 1]
[4, 3]
[6, 5]
[12, 5]
[13, 6]
*
[0, 0]
[3, 1]
[4, 0]
[4, 1]
[4, 3]
[6, 5]
[12, 5]
[13, 6]
*
[0, 0]
[3, 1]
[4, 0]
[4, 1]
[4, 3]
[6, 5]
[6, 7]
[12, 5]
*
[0, 0]
[3, 1]
[4, 0]
[4, 1]
[4, 3]
[6, 5]
[12, 5]
*
[0, 0]
[3, 1]
[4, 0]
[4, 1]
[4, 3]
[6, 5]
[12, 5]
*
[0, 0]
[3, 1]
[4, 0]
[4, 1]
[4, 3]
[6, 5]
[12, 5]
*
[0, 0]
[3, 1]
[4, 0]
[4, 1]
[4, 3]
[6, 5]
[12, 5]
*
[0, 0]
[3, 1]
[4, 0]
[4, 1]
[4, 3]
[6, 5]
[12, 5]
*
[0, 0]
[3, 1]
[4, 0]
[4, 1]
[4, 3]
[6, 5]
[12, 5]
*
[0, 0]
[3, 1]
[4, 0]
[4, 1]
[4, 3]
[6, 5]
[12, 5]
*
[0, 0]
[3, 1]
[4, 0]
[4, 1]
[4, 3]
[6, 5]
[12, 5]
*
[0, 0]
[3, 1]
[4, 0]
[4, 1]
[4, 3]
[6, 5]
[7, 14]
[12, 5]
*
