[681.2, 690.9, 1]
[820.0, 690.9, 4]
[635.0, 690.9, 0]
[588.8, 690.9, 0]
[542.5, 690.9, 0]
[496.2, 690.9, 5]
[450.0, 690.9, 0]
[403.8, 610.8, 4]
[426.9, 570.7, 4]
[496.2, 530.7, 3]
[473.2, 490.6, 1]
[473.1, 410.5, 0]
[403.7, 450.6, 3]
[380.6, 410.5, 5]
[542.5, 370.4, 2]
[334.4, 330.4, 4]
[311.3, 370.4, 3]
[334.4, 250.3, 4]
[265.0, 370.4, 2]
-
[658.1, 650.9, 1, 2]
[704.4, 650.9, 1, 2]
[727.5, 690.9, 4, 3]
[611.9, 650.9, 1, 2]
[565.6, 650.9, 1, 2]
[519.4, 650.9, 1, 2]
[473.1, 650.9, 1, 2]
[426.9, 650.8, 1, 4]
[450.0, 610.8, 3, 4]
[473.1, 570.7, 3, 4]
[450.0, 530.7, 1, 0]
[496.2, 450.6, 2, 4]
[450.0, 450.6, 5, 4]
[426.9, 410.5, 1, 3]
[357.5, 450.6, 5, 0]
[357.5, 370.4, 1, 4]
[380.6, 330.4, 3, 4]
[357.5, 290.3, 1, 4]
[380.6, 250.3, 3, 4]
[357.5, 210.2, 2, 1]
-
*
*
*
*
*
*
*
*
*
*
*
*
*
*
*
*
*
*
*
*
*
*
*
*
*
*
*
*
*
*
*
*
*
*
*
*
*
*
*
*
